1 29011
1 -91516
0
0
0
1 32254
0
22801
129342
82574
7 -17962
0
64112
1 62316
87713
-96522
3 -119323
0
0
1 57718
48693
241576
5008
1 -2436
510054
4709
1 83145
252358
94805
-223215
43984
-554531
200056
1 34401
4 347612
34401
12 -860145
2 33136
24010
523407
1 37711
323533
-110213
1 -13841
3 -49097
2 -190232
13 896636
0
-438853
0
1 61046
22801
2 -38255
2 163330
1 61474
-763842
4 386315
-122214
57 521524
1 98880
1 -42333
9 -611307
1 9742
1 -33377
145184
1219304
1 61474
4 259735
95254
1 -58428
1 22154
10 916874
1 86233
1718985
2 -81266
1 -92669
-153738
-88656
7 556534
731761
0
-1143805
-426556
7 77381
3 -123576
-120209
6 -189498
1262073
-1902005
1119145
5 285747
-1543840
8 647087
-1818842
11 -596488
3 258000
3 -91638
1 29380
2185446
8 425185
49 3328017
1608650
1161140
0
214176
1 -40238
750148
-1220654
3 207997
5 314000
1476776
2990188
2 123609
-1770005
1 17958
1 -82973
-2511128
-2603936
1798536
0
1 95642
2 165495
-824782
2 156847
3 224404
238123
793212
-1084543
452128
25 69041
-1273011
10 155588
3 -42610
963974
4 -353812
527957
956338
3 -21861
1518749
571631
5 174447
-485458
-163845
-1308915
0
2584292
1286398
3 -42610
2874654
3 146867
1 -58428
761392
6509
2867570
-2631877
8 526517
2 191299
10 781344
0
314788
1655939
-1606085
0
2167804
2028848
1292529
252526
-2689950
1827306
12 1131260
-3154712
2 118945
5121291
2 112113
2 123970
605659
-584012
3369086
1 -13162
3980052
1 -4207
3 -260088
-1497283
-449979
1 2900
98880
0
4591492
852369
-280245
5 -71483
3 -166829
4264779
512991
17910
4 362600
1790067
302705
290933
452120
0
5190699
-87303
2 -97057
11 969896
2 24365
1837569
3 -188843
23 -1246709
2 -67762
1 49095
20 636184
194677
2007148
2 -97057
3877849
23 -1246709
3 149016
270582
1645225
150269
26856
5 266407
1 -67721
3232737
358313
3311641
5 -201407
1038263
3129917
304987
520144
2 156517
0
-2167559
1 83881
1899065
1 86001
2 -27233
-822592
-41486
3 185960
-240561
2 -122794
1 -73834
-3232000
1 -25660
-3002350
4273738
726711
2848622
1 -65092
85465
186622
24546
1774219
290933
441786
9 -33777
2594742
3532956
1 -48616
6 -446132
-4646178
1 30222
1470093
999951
6600379
1 97862
627125
5 5434
1 -81291
1 -33827
-418273
284 871037
5830563
5151292
402756
1 7272
-1340180
-4036763
-1507283
1 71263
1 -31076
-5499498
1 7979
5 -173621
38 -2181052
3953059
1 -19967
-709582
1 -37357
1306216
806995
1 -83372
-4908014
621875
1819384
3335790
4120899
1360451
1 31899
-129352
1135547
-3754059
1 -16382
3208179
1319489
5480142
1000389
2 -112141
1 -67721
2116929
950153
167780
-5614785
4142351
1084054
6074747
3769053
1 -26713
-2953233
1 72732
1 51310
8 621984
7860595
1 71582
-725622
3734758
4401785
-273371
5 -160281
317542
4686176
-1328522
375088
-53184
7048908
6088229
1 -94075
1239658
985406
-1841944
3 117763
-1018557
6122073
-2137468
2152898
-2347492
-3867454
1 73298
1 -14477
403987
0
7517357
7 -286382
5707590
6831357
8266473
1 92428
-3112454
3 -135698
-311457
1 -21071
4866403
4 -137929
-524203
1294059
-2264070
1 91135
7674339
10 -911039
15 955265
-3457851
2 124118
1 -46120
1951326
4449905
-1187881
8 -297561
2 -11353
-2177840
168927
0
8209444
35 -3154895
1 92123
2122500
-2730552
2 -144741
5333516
6 -173282
1 -94075
147413
1 69679
-588291
696162
3483274
5142349
-4419708
1 -57039
1 -64322
-5282780
2 -189288
6242377
-1011485
6 373629
98250
5770741
3782097
1075370
1 -79870
1 -76232
5661480
27 -1772254
4044170
1 18268
97232
1943307
1902778
10651591
5057175
-9311408
1337694
2675360
1 23351
0
1 -75677
2161716
574377
-6563292
3435417
2 -16309
1 18268
3 280854
618686
18 344494
4655109
-380985
-494767
-4981892
4108308
1 -45132
1125682
1 37427
6444227
244802
-1787138
3355023
292916
-286843
1 14880
386436
1 -35537
9055635
1 -4830
-5430005
1 51813
21 -229150
11 -997787
3372003
-8702798
23 1739693
-138021
-2422344
12302041
-1134794
6349917
1537389
6489866
1142927
8316021
591998
-3362188
-260830
4 -109503
1318173
653301
818358
-5387547
7 -69926
-7194186
-8333237
537895
-855274
45 -343909
1 -21071
-2721369
17 1191463
396155
3 -278343
2 38710
1 -76859
9194093
1 -41837
-5539124
8414412
5 283797
3 -2728
2 57485
1 -80971
11 -827908
4618355
-3474360
43 -2269788
3091125
2789817
13478021
-8139992
4794884
4 -317685
10939027
32 118934
12228393
9242534
29801
-3734423
2637212
6879143
-1296560
277149
1832306
6345176
-12815100
12941921
-1948364
1120311
2051735
13975105
-5233828
1309797
-12445281
3526149
5586772
1 -19520
2 -38972
-12248406
1 -98728
-3659245
1 23351
1 -32179
145545
6553645
-2506703
-7874422
-3844844
-10678066
1 -92419
1 49845
122 417983
3367890
1480990
1 -15509
1 -26342
10369438
-6907450
6 -123190
6307433
9374489
1 -75677
1 -33973
-5948127
14623052
457628
1 72010
1 56249
298262
11746729
2 10646
-1145483
1 -4134
12946484
4193277
7575366
5619929
265 16423343
-4791539
98250
5 401900
7828673
8575379
1 -74387
11270123
8 519606
2813415
2808108
1 2143
197877
8 353402
8282674
11031049
11321926
1 -76232
10220336
2356622
1 49816
5418863
758660
13449338
-4569426
6647167
2 -57108
1 53969
1503739
-2389489
439918
-838698
6275085
273792
5 256032
-656884
1 12522
873169
1498551
-3552848
1 -92419
-1125776
1 -3415
-3743991
10116689
7140102
3669203
5 -123224
6721427
13540337
2 -122250
-6966833
2844779
1 -91571
1 -11124
1 -28329
2703983
5282945
3 46988
-7827089
4147671
6496133
2 -65839
4919056
-10756576
-1961360
1 -41945
448808
2 63000
1 80094
-1207550
1 -49576
2 62683
10634172
1 -72206
-5956836
6 552815
1 79948
5 490910
5542266
6916775
-3505322
7587024
4613096
1962995
208859
-6555073
6 -95633
2432772
13222567
-8621899
-128763
2 -99641
4742310
680569
-5128575
5 -71226
5 310869
12503137
1 -57146
-11207480
1138338
2 -36804
1 32951
15994451
2 178839
2248297
1 -21355
249103
-2202191
3455024
-6957059
7658984
4817989
2 186537
1 -3185
1945653
3 -128553
1646068
18378763
2 182780
12655388
734418
4601041
-8256796
-6021862
90161
64111
10 264918
-5569807
1 6165
-363656
25 -554904
13558908
0
28 749466
512568
1569742
12180064
-4605434
1 72417
7 128228
-8753462
3471941
10809636
4156721
1848545
2056220
-1939185
-1124404
75017
9734018
4076462
8347492
6 -439516
10112675
0
4187966
2765544
12413553
2187258
0
1 62419
12111205
10946208
99627
5 379783
1 -72206
18625263
2951141
1998529
17066
8967723
-15533377
4 -308832
-15390236
8 279688
1 -16687
434736
20104
-1589733
1106106
18 -1771431
5663638
2 -113251
7607788
14817284
1 -72206
1 40072
53 -5006200
4 -272116
16991320
1 11623
12218065
1 -18950
7814785
8771895
2 8813
1261028
4 290072
3897848
-2007201
7222147
1 93286
14326865
10709831
19543395
4 208393
3672804
-793841
1 -33420
595003
-1186034
8155094
4440232
18772454
951675
10224476
1 62419
2 60825
10675241
2 -114263
-120740
3 188217
9855176
5646726
-8024165
-761642
30 2297292
12 -347559
-13597650
8237455
-5425116
-30091
2 177114
-5467421
196672
-9531092
-13741142
1 -5953
12 -411647
-30091
5352444
6 -376930
4 -272116
1 74626
20895816
1699235
7263542
1303219
3126702
-2387157
1 27002
641819
-3571600
1 82354
18455494
9953423
-383012
4227197
9350212
1771805
-5822225
880175
6282654
-6602476
5793456
21825022
1 -52037
9672172
-174484
9753910
3306200
17727170
1 -39221
9056893
3229709
3 283232
17423011
3905726
3 -128553
3 -275947
1 83750
8 -541384
-37569
1 -37569
59 -2176951
1 -47507
2 56168
2 8813
16599449
15593944
-9739425
1 -1038
1 58292
4 -157644
1 -82064
17 1499672
-1278072
-1547392
38435
1853106
1457878
1 -32431
-1042102
18836151
9 730301
5 408284
2 173346
-7347964
-766882
-1071923
-18275430
38161
-16947086
5192323
2797420
5 467969
-384871
7024703
-737013
19337341
39398
9171821
-4299241
7662644
486613
-13710305
7 -440517
7406599
-1213373
-4906199
15797076
2963997
1872143
-17721011
-4888694
904890
-1091936
1 18333
1 24138
4 -10417
-2961884
5 -163593
6120165
-1273666
-835247
1 -45132
3004117
6449439
12826692
-1132900
14659348
24615407
1 -73281
2 -34710
19482450
830985
5 -294017
4901698
4343333
1 62419
-386739
-14583295
4 -84157
8971918
4766948
13648826
-1349757
21183731
4879146
3 277255
7664954
-6625867
1830692
-446058
4 -365552
1 -32826
1346621
12019708
5157420
3343129
2 -189552
-2592433
10750784
-22862586
1 39729
-18609824
1 10494
-9031939
11980443
15754988
6 333180
9265303
4934863
31642
-8081336
7874513
6218524
500677
-4446915
99448
-5117273
3 -95620
4030402
3352864
2 -130484
7 -130684
14072842
-4123531
1 -55007
3273694
14159444
-211990
12270229
19439459
4526744
4 -45041
777474
-21008029
20898355
-8176716
22108065
-12739401
3396453
6 -301578
-4384232
-1833157
6 -102462
4481859
8538060
2379659
-1533008
5 133703
20237519
832333
1 -84330
-1734697
3 212715
-14830334
3367297
7304407
-192742
1 70948
7550701
2 48229
3392616
1 -92684
1 41555
2 -187244
6819195
3 -156902
4182600
1 62504
-554076
4663441
8668124
3 -202719
7938359
4087144
-236400
1 82341
3 59868
2 100569
5179058
3 156986
27057505
3153568
-9614421
-7310923
6032034
585851
595105
-14422346
-10608055
-10623609
11403225
21 -1306610
-856186
-15365696
6 167203
2948837
1 51329
-1751765
1 82791
18024577
-2919563
1 -83372
1 51694
7 555784
-15410005
-12916978
15426014
-5927243
2835512
2293459
1 39944
10094856
4 89485
18585134
1 80094
2896204
2 199232
8151531
196672
1124794
7509330
871313
2 85877
-2379257
2 48229
16373172
6 423205
5872197
42 1380945
3 -102256
7899402
478321
1080724
9 195819
-3864094
1 -48616
27254613
17432914
4575546
18 1083679
13455979
11919805
1099082
1 -96340
-14166329
2 34640
-4081994
19 725012
4073026
9502928
6 -180394
23978862
-8374708
1 75426
1397870
-1957653
269770
3 184220
18212080
4914162
2196694
-26553653
1 95721
2 40018
1 96270
-16999295
23105832
-14124836
2240050
3 -110997
-4207127
-5443816
20825563
1 2666
5778345
652220
8 55022
1 82791
1962938
7930474
1 -16395
16405927
3755148
19540337
-6123485
17 1336359
-5609390
-2465875
-16334610
-803638
96 -6160080
26214642
1 -56531
14026473
12707764
107 9607071
3555809
4476048
-3463518
-22256148
1082413
1 72732
-20572575
3 -239423
1 -9546
-5932068
14371566
8026572
10362673
1 -37569
-27193446
6520514
1 -74962
-1018669
3010244
9 742533
1834122
-1002315
20675636
2407291
-2061279
27822192
2 7713
3 14077
6085920
11 671848
-2112606
24098049
-2592593
7 292957
2362417
15 618671
3 269111
4 198828
-3720097
-14293899
-5952793
3 -9838
20185160
6 3584
5119878
15460011
1 -49852
-29224876
6524014
4092913
11806073
22362998
4963978
120377
501439
9972947
1 91260
15019860
4077727
1 44297
-3158806
6418442
14394387
9 782662
-2380442
1 -58159
18723788
14800914
24138412
438 -4521400
6 -390883
4643353
-24786177
1 -87842
11938318
1 35821
2 -7569
3636038
2 -8347
684038
7734335
2572578
9677586
-3149083
15435945
119442
16389157
20035109
1 70906
-2509466
27771009
3061454
25646407
956048
2 -164415
14545316
2 52131
-4576794
1 7734
-2716515
8762439
3180685
-1657750
2319972
-683023
4721795
-13268544
-4137
11 -1076451
-2789181
11128579
5656024
3 116925
-355070
-16068223
6254749
1357216
5480465
0
26742570
-25785201
1 9959
-5134078
1 57909
19274917
5584595
11576244
2596224
9772269
-26029138
1 -98410
-14779457
13 679581
2 15255
15963237
2 -83436
1 -34292
10333592
9425445
22875602
1 -68572
1 -2820
-10610062
33239089
16454977
1 -36835
1723412
3072888
-4723168
-585420
-7654288
113 -2589664
1 89497
1 54044
6 53276
4190454
2281736
-5689478
275918
-15002350
1 44252
4085873
1 -60642
1 -3909
1262753
6 148015
12298694
5934751
8117572
1 -51095
14030839
1 26684
8626393
11366262
6 33965
24664063
4351065
-14913420
2 -10848
-2969006
36 1745061
2003173
1 -70117
1 82536
-3843828
25991055
24 501432
5 168581
1 4090
114743
27 -470695
14 3403
1 -3185
-5642660
24664580
2983122
1 69998
7147566
3178094
13497631
3450085
789929
-4933724
-13882236
-20049662
3058635
10842592
2 -27860
-25193023
1 -83908
19661037
955217
13997912
-5266037
1 -2820
15181135
5 -342141
9546863
-14658399
14966555
10101023
6712728
-24772952
-8946051
48 -3680949
2640702
-24827466
5172018
6936202
-1752299
-5602863
51513
1 54044
-16256605
1 50875
4 28933
5306839
1 93671
6200811
22588822
-21016822
8406926
1439202
-415684
3347171
-13086446
2116856
9691691
1582025
2 -103914
-413472
-2457650
9535315
23231153
17795871
667727
-16218919
6264574
15416909
21341769
6752580
1 7860
28305608
3490642
-1257541
16682124
2 82504
-5345258
16604870
-8264916
1897472
8113088
18 898129
5667083
12057607
-5216042
-5279161
10182632
25 1886886
21227619
1 -92502
2853695
4 195367
1 32533
18602083
-32670035
2 -10848
14236502
13537476
3928545
990234
-1098395
1 -76703
1 52001
11143980
789392
1 -60642
12007283
9048971
1 57763
-5996715
2 -59406
4144341
3 -225237
-26640312
3040848
11541203
12706726
25282941
1 -49789
-25468415
1170601
99695
18347954
30517958
3 -68264
1 -26825
3002232
1 15195
19787215
7 -223763
6129206
3 207973
18560605
33084159
1990343
20567093
20 -86367
-5296230
3 -196730
7258636
1 26227
14667144
2321445
4 -336906
28381467
3671607
7 25957
18779131
-29574209
27011457
34110613
29625026
12634086
2 -154782
4 -112834
35 -1737857
9649079
1 93471
16752535
1 -74183
1 41658
1 -37569
1105797
1 11154
8218122
1 -66742
2 -83990
2 -103914
35388436
